2.703634570312500000e+04
2.601837304687500000e+04
2.373623437500000000e+04
2.140468164062500000e+04
1.880646875000000000e+04
1.619840527343750000e+04
1.341846484375000000e+04
1.062899707031250000e+04
7.989923339843750000e+03
5.847912109375000000e+03
4.517474609375000000e+03
3.462176757812500000e+03
3.505878417968750000e+03
4.200191894531250000e+03
3.936748535156250000e+03
3.650509033203125000e+03
2.906212158203125000e+03
2.346755371093750000e+03
2.061025390625000000e+03
1.627740356445312500e+03
1.650304809570312500e+03
1.691454956054687500e+03
1.658716674804687500e+03
1.531147705078125000e+03
1.372136352539062500e+03
1.424965820312500000e+03
1.463799072265625000e+03
1.247791503906250000e+03
1.225770263671875000e+03
1.093850341796875000e+03
9.881144409179687500e+02
1.031493774414062500e+03
8.925568237304687500e+02
8.517937622070312500e+02
1.070686035156250000e+03
1.031764038085937500e+03
9.393128662109375000e+02
8.490356445312500000e+02
8.079996948242187500e+02
9.003034667968750000e+02
6.447760009765625000e+02
6.802270507812500000e+02
8.270378417968750000e+02
7.810985107421875000e+02
7.011687011718750000e+02
6.658851318359375000e+02
6.485747070312500000e+02
6.363178710937500000e+02
5.711866455078125000e+02
6.884550170898437500e+02
6.519749755859375000e+02
5.365230712890625000e+02
5.707783203125000000e+02
6.154700927734375000e+02
5.868013305664062500e+02
5.697643432617187500e+02
4.803143615722656250e+02
5.190323486328125000e+02
5.055844116210937500e+02
4.685252685546875000e+02
4.612715148925781250e+02
5.034010620117187500e+02
5.142156372070312500e+02
5.627586059570312500e+02
5.295170288085937500e+02
4.852032165527343750e+02
4.903953247070312500e+02
4.793992919921875000e+02
4.801147766113281250e+02
4.338592834472656250e+02
4.867233886718750000e+02
5.537761230468750000e+02
4.766376037597656250e+02
5.127326049804687500e+02
6.308270874023437500e+02
6.017787475585937500e+02
4.617723388671875000e+02
4.625115966796875000e+02
4.955307922363281250e+02
5.320458374023437500e+02
